0031   2   
00321  3   
00323  55  
00324  55  
0063   38  
0064   163 
0065   3   
0074   6   
01300  3   
01301  3   
01302  3   
01303  3   
01304  3   
01305  3   
01306  3   
01310  3   
01311  3   
01312  3   
01313  3   
01314  3   
01315  3   
01316  3   
01320  3   
01321  3   
01322  3   
01323  3   
01324  3   
01325  3   
01326  3   
01330  3   
01331  3   
01332  3   
01333  3   
01334  3   
01335  3   
01336  3   
01340  3   
01341  3   
01342  3   
01343  3   
01344  3   
01345  3   
01346  3   
01350  3   
01351  3   
01352  3   
01353  3   
01354  3   
01355  3   
01356  3   
01360  3   
01361  3   
01362  3   
01363  3   
01364  3   
01365  3   
01366  3   
01380  3   
01381  3   
01382  3   
01383  3   
01384  3   
01385  3   
01386  3   
01390  3   
01391  3   
01392  3   
01393  3   
01394  3   
01395  3   
01396  3   
0202   2   
0223   2   
0310   6   
0312   6   
03282  135 
03283  42  
0360   3   
0361   3   
0362   2   
0363   30  
03640  135 
03641  135 
03642  135 
03643  135 
03682  55  
037    3   
0380   2   
03810  2   
03811  2   
03812  2   
03819  2   
0382   2   
0383   2   
03840  2   
03841  2   
03842  2   
03843  2   
03844  2   
03849  2   
0388   2   
0389   2   
0400   153 
0402   47  
04082  2   
042    1   
04500  3   
04501  3   
04502  3   
04503  3   
04510  3   
04511  3   
04512  3   
04513  3   
04520  3   
04521  3   
04522  3   
04523  3   
04590  3   
04591  3   
04592  3   
04593  3   
0470   4   
0471   4   
0478   4   
0479   4   
048    4   
0490   4   
0491   4   
0498   3   
0499   3   
0520   3   
0522   110 
0530   4   
05314  110 
0543   3   
0545   2   
05472  4   
05474  110 
0550   3   
05601  3   
05671  55  
05821  3   
05829  3   
0620   3   
0621   3   
0622   3   
0623   3   
0624   3   
0625   3   
0628   3   
0629   3   
0630   3   
0631   3   
0632   3   
0638   3   
0639   3   
064    3   
0662   3   
06640  3   
06641  3   
06642  3   
06649  3   
0700   38  
07020  38  
07021  38  
07022  37  
07023  37  
07032  37  
07033  37  
07041  38  
07042  38  
07043  38  
07044  37  
07049  38  
07054  37  
0706   38  
07071  38  
071    3   
0721   4   
0722   3   
0723   47  
07420  135 
07421  135 
07422  135 
07423  135 
0785   6   
07953  1   
09040  3   
09041  3   
09042  3   
09049  3   
09181  3   
0930   135 
0931   135 
09320  135 
09321  135 
09322  135 
09323  135 
09324  135 
09381  135 
09382  135 
09389  135 
0939   135 
0940   3   
0941   3   
0942   3   
0943   3   
09481  3   
09482  3   
09483  3   
09484  3   
09485  3   
09486  3   
09487  145 
09489  3   
0949   3   
09850  55  
09851  55  
09852  55  
09853  55  
09859  55  
09882  3   
09883  135 
09884  135 
09886  42  
0993   57  
10081  3   
1026   55  
1124   6   
1125   6   
11281  135 
11283  3   
11284  6   
1140   163 
1142   3   
1144   163 
1145   163 
11501  3   
11503  135 
11504  135 
11505  163 
11511  3   
11513  135 
11514  135 
11515  163 
11591  3   
11593  135 
11594  135 
11595  163 
1173   6   
1175   6   
1177   6   
118    6   
1212   163 
1221   163 
1300   6   
1303   135 
1304   6   
1308   6   
135    162 
1361   56  
1363   6   
1410   11  
1411   11  
1412   11  
1413   11  
1414   11  
1415   11  
1416   11  
1418   11  
1419   11  
1420   11  
1421   11  
1422   11  
1428   11  
1429   11  
1430   11  
1431   11  
1438   11  
1439   11  
1440   11  
1441   11  
1448   11  
1449   11  
1450   11  
1451   11  
1452   11  
1453   11  
1454   11  
1455   11  
1456   11  
1458   11  
1459   11  
1460   11  
1461   11  
1462   11  
1463   11  
1464   11  
1465   11  
1466   11  
1467   11  
1468   11  
1469   11  
1470   11  
1471   11  
1472   11  
1473   11  
1478   11  
1479   11  
1480   11  
1481   11  
1482   11  
1483   11  
1488   11  
1489   11  
1490   11  
1491   11  
1498   11  
1499   11  
1500   9   
1501   9   
1502   9   
1503   9   
1504   9   
1505   9   
1508   9   
1509   9   
1510   9   
1511   9   
1512   9   
1513   9   
1514   9   
1515   9   
1516   9   
1518   9   
1519   9   
1520   9   
1521   9   
1522   9   
1523   9   
1528   9   
1529   9   
1530   11  
1531   11  
1532   11  
1533   11  
1534   11  
1535   11  
1536   11  
1537   11  
1538   11  
1539   11  
1540   11  
1541   11  
1542   11  
1543   11  
1548   11  
1550   9   
1551   9   
1552   9   
1560   9   
1561   9   
1562   9   
1568   9   
1569   9   
1570   9   
1571   9   
1572   9   
1573   9   
1574   9   
1578   9   
1579   9   
1580   9   
1588   9   
1589   9   
1590   11  
1591   11  
1598   11  
1599   11  
1600   11  
1601   11  
1602   11  
1603   11  
1604   11  
1605   11  
1608   11  
1609   11  
1610   11  
1611   11  
1612   11  
1613   11  
1618   11  
1619   11  
1620   9   
1622   9   
1623   9   
1624   9   
1625   9   
1628   9   
1629   9   
1630   9   
1631   9   
1638   9   
1639   9   
1640   11  
1641   11  
1642   11  
1643   11  
1648   11  
1649   11  
1650   11  
1658   11  
1659   11  
1700   10  
1701   10  
1702   10  
1703   10  
1704   10  
1705   10  
1706   10  
1707   10  
1708   10  
1709   10  
1710   10  
1712   10  
1713   10  
1714   10  
1715   10  
1716   10  
1717   10  
1718   10  
1719   10  
1720   13  
1721   13  
1722   13  
1723   13  
1724   13  
1725   13  
1726   13  
1727   13  
1728   13  
1729   13  
1740   11  
1741   11  
1742   11  
1743   11  
1744   11  
1745   11  
1746   11  
1748   11  
1749   11  
1750   11  
1759   11  
1760   10  
1761   10  
1762   10  
1763   10  
1764   10  
1765   10  
1768   10  
1769   10  
179    12  
1800   12  
1801   12  
1808   12  
1809   12  
181    11  
1820   12  
1821   12  
1828   12  
1830   11  
1832   11  
1833   11  
1834   11  
1835   11  
1838   11  
1839   11  
1840   12  
1841   12  
1842   12  
1843   12  
1844   12  
1848   12  
1849   12  
185    12  
1860   13  
1869   13  
1871   13  
1872   13  
1873   13  
1874   13  
1875   13  
1876   13  
1877   13  
1878   13  
1879   13  
1880   12  
1881   12  
1882   12  
1883   12  
1884   12  
1885   12  
1886   12  
1887   12  
1888   12  
1889   12  
1890   11  
1891   11  
1892   12  
1893   12  
1894   12  
1898   12  
1899   12  
1900   12  
1901   12  
1902   12  
1903   12  
1904   12  
1905   12  
1906   12  
1907   12  
1908   12  
1909   12  
1910   9   
1911   9   
1912   9   
1913   9   
1914   9   
1915   9   
1916   9   
1917   9   
1918   9   
1919   9   
1920   9   
1921   9   
1922   9   
1923   9   
1928   9   
1929   9   
193    13  
1940   9   
1941   13  
1943   9   
1944   9   
1945   13  
1946   13  
1948   13  
1949   13  
1950   12  
1951   12  
1952   12  
1953   12  
1954   12  
1955   12  
1958   12  
1960   8   
1961   8   
1962   8   
1963   8   
1965   8   
1966   8   
1968   8   
1969   8   
1970   8   
1971   8   
1972   8   
1973   8   
1974   8   
1975   8   
1976   8   
1977   8   
1978   8   
1980   8   
1981   8   
1982   8   
1983   8   
1984   8   
1985   8   
1986   8   
1987   8   
19881  8   
19882  8   
19889  8   
1990   8   
1991   13  
1992   12  
20000  10  
20001  10  
20002  10  
20003  10  
20004  10  
20005  10  
20006  10  
20007  10  
20008  10  
20010  10  
20011  10  
20012  10  
20013  10  
20014  10  
20015  10  
20016  10  
20017  10  
20018  10  
20020  10  
20021  10  
20022  10  
20023  10  
20024  10  
20025  10  
20026  10  
20027  10  
20028  10  
20030  10  
20031  10  
20032  10  
20033  10  
20034  10  
20035  10  
20036  10  
20037  10  
20038  10  
20040  10  
20041  10  
20042  10  
20043  10  
20044  10  
20045  10  
20046  10  
20047  10  
20048  10  
20050  10  
20051  10  
20052  10  
20053  10  
20054  10  
20055  10  
20056  10  
20057  10  
20058  10  
20060  10  
20061  10  
20062  10  
20063  10  
20064  10  
20065  10  
20066  10  
20067  10  
20068  10  
20070  10  
20071  10  
20072  10  
20073  10  
20074  10  
20075  10  
20076  10  
20077  10  
20078  10  
20080  10  
20081  10  
20082  10  
20083  10  
20084  10  
20085  10  
20086  10  
20087  10  
20088  10  
20100  12  
20101  12  
20102  12  
20103  12  
20104  12  
20105  12  
20106  12  
20107  12  
20108  12  
20110  12  
20111  12  
20112  12  
20113  12  
20114  12  
20115  12  
20116  12  
20117  12  
20118  12  
20120  12  
20121  12  
20122  12  
20123  12  
20124  12  
20125  12  
20126  12  
20127  12  
20128  12  
20140  12  
20141  12  
20142  12  
20143  12  
20144  12  
20145  12  
20146  12  
20147  12  
20148  12  
20150  12  
20151  12  
20152  12  
20153  12  
20154  12  
20155  12  
20156  12  
20157  12  
20158  12  
20160  12  
20161  12  
20162  12  
20163  12  
20164  12  
20165  12  
20166  12  
20167  12  
20168  12  
20170  12  
20171  12  
20172  12  
20173  12  
20174  12  
20175  12  
20176  12  
20177  12  
20178  12  
20190  12  
20191  12  
20192  12  
20193  12  
20194  12  
20195  12  
20196  12  
20197  12  
20198  12  
20200  10  
20201  10  
20202  10  
20203  10  
20204  10  
20205  10  
20206  10  
20207  10  
20208  10  
20210  10  
20211  10  
20212  10  
20213  10  
20214  10  
20215  10  
20216  10  
20217  10  
20218  10  
20220  10  
20221  10  
20222  10  
20223  10  
20224  10  
20225  10  
20226  10  
20227  10  
20228  10  
20230  10  
20231  10  
20232  10  
20233  10  
20234  10  
20235  10  
20236  10  
20237  10  
20238  10  
20240  10  
20241  10  
20242  10  
20243  10  
20244  10  
20245  10  
20246  10  
20247  10  
20248  10  
20250  10  
20251  10  
20252  10  
20253  10  
20254  10  
20255  10  
20256  10  
20257  10  
20258  10  
20260  10  
20261  10  
20262  10  
20263  10  
20264  10  
20265  10  
20266  10  
20267  10  
20268  10  
20270  10  
20271  10  
20272  10  
20273  10  
20274  10  
20275  10  
20276  10  
20277  10  
20278  10  
20280  10  
20281  10  
20282  10  
20283  10  
20284  10  
20285  10  
20286  10  
20287  10  
20288  10  
20290  10  
20291  10  
20292  10  
20293  10  
20294  10  
20295  10  
20296  10  
20297  10  
20298  10  
20300  9   
20301  9   
20302  9   
20310  9   
20311  9   
20312  9   
20380  9   
20381  9   
20382  9   
20400  9   
20401  9   
20402  9   
20410  10  
20411  10  
20412  10  
20420  10  
20421  10  
20422  10  
20480  10  
20481  10  
20482  10  
20490  10  
20491  10  
20492  10  
20500  8   
20501  8   
20502  8   
20510  9   
20511  9   
20512  9   
20520  9   
20521  9   
20522  9   
20530  9   
20531  9   
20532  9   
20580  9   
20581  9   
20582  9   
20590  9   
20591  9   
20592  9   
20600  9   
20601  9   
20602  9   
20610  9   
20611  9   
20612  9   
20620  9   
20621  9   
20622  9   
20680  9   
20681  9   
20682  9   
20690  9   
20691  9   
20692  9   
20700  9   
20701  9   
20702  9   
20710  9   
20711  9   
20712  9   
20720  9   
20721  9   
20722  9   
20780  9   
20781  9   
20782  9   
20800  9   
20801  9   
20802  9   
20810  10  
20811  10  
20812  10  
20820  10  
20821  10  
20822  10  
20880  10  
20881  10  
20882  10  
20890  10  
20891  10  
20892  10  
20900  12  
20901  12  
20902  12  
20903  12  
20910  12  
20911  12  
20912  12  
20913  12  
20914  12  
20915  12  
20916  12  
20917  12  
20920  12  
20921  12  
20922  12  
20923  12  
20924  12  
20925  12  
20926  12  
20927  12  
20929  12  
20930  12  
20931  12  
20932  12  
20933  12  
20934  12  
20935  12  
20936  12  
20970  8   
20971  8   
20972  8   
20973  8   
20974  8   
20975  8   
20979  8   
2127   10  
2250   12  
2251   12  
2252   12  
2253   12  
2254   12  
2258   12  
2259   12  
2273   12  
2274   12  
22802  12  
2370   12  
2371   12  
2373   12  
2375   12  
2376   12  
23770  13  
23771  13  
23772  13  
23773  13  
23779  13  
2379   12  
2384   75  
23871  75  
23872  67  
23873  67  
23874  67  
23875  67  
23876  67  
23877  67  
23879  75  
2396   12  
24900  21  
24901  21  
24910  19  
24911  19  
24920  19  
24921  19  
24930  19  
24931  19  
24940  20  
24941  20  
24950  20  
24951  20  
24960  20  
24961  20  
24970  20  
24971  20  
24980  20  
24981  20  
24990  20  
24991  20  
25000  21  
25001  21  
25002  21  
25003  21  
25010  19  
25011  19  
25012  19  
25013  19  
25020  19  
25021  19  
25022  19  
25023  19  
25030  19  
25031  19  
25032  19  
25033  19  
25040  20  
25041  20  
25042  20  
25043  20  
25050  20  
25051  20  
25052  20  
25053  20  
25060  20  
25061  20  
25062  20  
25063  20  
25070  20  
25071  20  
25072  20  
25073  20  
25080  20  
25081  20  
25082  20  
25083  20  
25090  20  
25091  20  
25092  20  
25093  20  
2510   30  
2514   47  
2515   47  
2518   47  
2519   47  
25200  30  
25201  30  
25202  30  
25208  30  
2521   30  
2528   30  
2529   30  
2530   30  
2531   30  
2532   30  
2533   30  
2534   30  
2535   30  
2536   30  
2537   30  
2538   30  
2539   30  
2540   30  
2541   30  
2548   30  
2549   30  
2550   30  
25510  30  
25511  30  
25512  30  
25513  30  
25514  30  
2552   30  
2553   30  
25541  30  
25542  30  
2555   30  
2556   30  
2558   30  
2559   30  
25801  30  
25802  30  
25803  30  
2581   30  
2588   30  
2589   30  
2592   13  
260    23  
261    23  
262    23  
2630   23  
2631   23  
2632   23  
2638   23  
2639   23  
2700   28  
2701   28  
2702   28  
2703   28  
2704   28  
2705   28  
2706   28  
2707   28  
2708   28  
2709   28  
2710   27  
2711   28  
2714   28  
2718   28  
2719   28  
2727   27  
2733   10  
2734   29  
27700  159 
27701  159 
27702  159 
27703  159 
27709  159 
2771   29  
2772   29  
27730  29  
27731  29  
27739  29  
2775   26  
2776   29  
27781  29  
27782  28  
27783  29  
27784  29  
27785  28  
27786  28  
27787  28  
27788  8   
27789  29  
27900  74  
27901  74  
27902  74  
27903  74  
27904  74  
27905  74  
27906  74  
27909  74  
27910  73  
27911  73  
27912  73  
27913  73  
27919  74  
2792   73  
2793   74  
27941  74  
27949  74  
27950  251 
27951  251 
27952  251 
27953  251 
2798   74  
2799   74  
28243  71  
28244  71  
28247  71  
28261  70  
28262  70  
2830   69  
28310  69  
28311  69  
28319  69  
2832   69  
2839   69  
28401  68  
28409  68  
2842   68  
28481  68  
28489  68  
2849   68  
2850   75  
2860   75  
2861   75  
2862   75  
2863   75  
2864   75  
2865   75  
28652  75  
28653  75  
28659  75  
2866   75  
2867   75  
2869   75  
2871   75  
28730  75  
28731  75  
28732  75  
28733  75  
28739  75  
28801  74  
28802  74  
2881   74  
2882   74  
2884   74  
28981  75  
28982  75  
28983  67  
28984  75  
2920   81  
29211  81  
29212  81  
2922   81  
29281  81  
29282  81  
29283  81  
29284  81  
29285  81  
29289  81  
2929   81  
29500  87  
29501  87  
29502  87  
29503  87  
29504  87  
29505  87  
29510  87  
29511  87  
29512  87  
29513  87  
29514  87  
29515  87  
29520  87  
29521  87  
29522  87  
29523  87  
29524  87  
29525  87  
29530  87  
29531  87  
29532  87  
29533  87  
29534  87  
29535  87  
29540  87  
29541  87  
29542  87  
29543  87  
29544  87  
29545  87  
29550  87  
29551  87  
29552  87  
29553  87  
29554  87  
29555  87  
29560  87  
29561  87  
29562  87  
29563  87  
29564  87  
29565  87  
29570  87  
29571  87  
29572  87  
29573  87  
29574  87  
29575  87  
29580  87  
29581  87  
29582  87  
29583  87  
29584  87  
29585  87  
29590  87  
29591  87  
29592  87  
29593  87  
29594  87  
29595  87  
29600  88  
29601  88  
29602  88  
29603  88  
29604  88  
29605  88  
29606  88  
29610  88  
29611  88  
29612  88  
29613  88  
29614  88  
29615  88  
29616  88  
29620  88  
29621  88  
29622  88  
29623  88  
29624  88  
29625  88  
29626  88  
29630  88  
29631  88  
29632  88  
29633  88  
29634  88  
29635  88  
29636  88  
29640  88  
29641  88  
29642  88  
29643  88  
29644  88  
29645  88  
29646  88  
29650  88  
29651  88  
29652  88  
29653  88  
29654  88  
29655  88  
29656  88  
29660  88  
29661  88  
29662  88  
29663  88  
29664  88  
29665  88  
29666  88  
2967   88  
29680  88  
29681  88  
29682  88  
29689  88  
29690  88  
29699  88  
2970   89  
2971   89  
2972   89  
2973   89  
2978   89  
2979   89  
2980   89  
2981   89  
2982   89  
2983   89  
2984   89  
2988   89  
2989   89  
29900  102 
29901  102 
29910  103 
29911  103 
29980  103 
29981  103 
29990  103 
29991  103 
30012  90  
30013  90  
30014  90  
30015  90  
3006   90  
3010   90  
30110  90  
30111  90  
30112  90  
30113  90  
30120  90  
30121  90  
30122  90  
3013   90  
3014   90  
30150  90  
30151  90  
30159  90  
3016   90  
3017   90  
30181  90  
30182  90  
30183  90  
30184  90  
30189  90  
3019   90  
30400  82  
30401  82  
30402  82  
30403  82  
30410  82  
30411  82  
30412  82  
30413  82  
30420  82  
30421  82  
30422  82  
30423  82  
30440  82  
30441  82  
30442  82  
30443  82  
30450  82  
30451  82  
30452  82  
30453  82  
30460  82  
30461  82  
30462  82  
30463  82  
30470  82  
30471  82  
30472  82  
30473  82  
30480  82  
30481  82  
30482  82  
30483  82  
30490  82  
30491  82  
30492  82  
30493  82  
3071   94  
30751  94  
3200   3   
3201   3   
3202   3   
3203   3   
3207   3   
32081  3   
32082  3   
32089  3   
3209   3   
3210   6   
3211   3   
3212   4   
3213   3   
3214   3   
3218   3   
3220   4   
3221   4   
3222   4   
3229   4   
32301  3   
32302  110 
3231   3   
3232   3   
32341  3   
32342  110 
32351  3   
32352  110 
32361  3   
32362  3   
32363  110 
32372  110 
32381  3   
32382  110 
3239   3   
3240   3   
3241   3   
3249   3   
325    3   
3300   119 
3301   119 
3302   119 
3303   119 
3308   119 
3309   119 
3313   121 
3314   121 
3315   121 
33181  119 
3320   119 
3321   119 
3330   119 
3334   119 
33371  113 
3340   119 
3341   119 
3342   119 
3343   119 
3344   119 
3348   119 
3349   119 
3350   111 
33510  111 
33511  111 
33519  111 
33520  111 
33521  111 
33522  111 
33523  111 
33524  111 
33529  111 
3358   111 
3359   111 
3360   110 
3361   110 
3362   110 
3363   110 
3368   110 
3369   110 
340    118 
3410   118 
3411   118 
34120  110 
34121  110 
34122  110 
34200  150 
34201  150 
34202  150 
34210  150 
34211  150 
34212  150 
34280  150 
34281  150 
34282  150 
34290  150 
34291  150 
34292  150 
3430   113 
3431   113 
3432   112 
3433   113 
3434   113 
3438   113 
3439   113 
34400  107 
34401  107 
34402  107 
34403  107 
34404  107 
34409  107 
3441   109 
3442   151 
34430  151 
34431  151 
34432  151 
34440  151 
34441  151 
34442  151 
3445   151 
34460  110 
34461  110 
34481  122 
34489  151 
3449   151 
34500  120 
34501  120 
34510  120 
34511  120 
3452   120 
3453   120 
34540  120 
34541  120 
34550  120 
34551  120 
34560  120 
34561  120 
34570  120 
34571  120 
34580  120 
34581  120 
34590  120 
34591  120 
3481   122 
3484   122 
3485   122 
3536   254 
3570   115 
3571   115 
3572   20  
3573   115 
3574   115 
3575   115 
3576   115 
3577   115 
35781  115 
35782  115 
35789  115 
3579   115 
35800  115 
35801  115 
3581   115 
3582   115 
35830  115 
35831  115 
35839  115 
3588   115 
3589   115 
3590   117 
3591   117 
35921  117 
36201  20  
36202  20  
36203  20  
36204  20  
36205  20  
36206  20  
36207  20  
36641  20  
39891  130 
40201  130 
40211  130 
40291  130 
40301  187 
40311  187 
40391  187 
40401  130 
40402  187 
40403  130 
40411  130 
40412  187 
40413  130 
40491  130 
40492  187 
40493  130 
41000  132 
41001  131 
41002  132 
41010  132 
41011  131 
41012  132 
41020  132 
41021  131 
41022  132 
41030  132 
41031  131 
41032  132 
41040  132 
41041  131 
41042  132 
41050  132 
41051  131 
41052  132 
41060  132 
41061  131 
41062  132 
41070  132 
41071  131 
41072  132 
41080  132 
41081  131 
41082  132 
41090  132 
41091  131 
41092  132 
4110   132 
4111   132 
41181  132 
41189  132 
4150   130 
41511  156 
41512  156 
41513  156 
41519  156 
4160   130 
4161   130 
4162   156 
4168   130 
4169   130 
4170   130 
4171   130 
4178   130 
4179   130 
4200   135 
42090  135 
42091  135 
42099  135 
4210   135 
4211   135 
4219   135 
4220   135 
42290  135 
42291  135 
42292  135 
42293  135 
42299  135 
4230   135 
4231   135 
4232   135 
4233   135 
4238   135 
4239   135 
4250   130 
4251   130 
42511  130 
42518  130 
4252   130 
4253   130 
4254   130 
4255   130 
4257   130 
4258   130 
4259   130 
4260   142 
4270   142 
4271   142 
4272   142 
42731  142 
42732  142 
42741  127 
42742  127 
4275   127 
42781  142 
4280   130 
4281   130 
42820  130 
42821  130 
42822  130 
42823  130 
42830  130 
42831  130 
42832  130 
42833  130 
42840  130 
42841  130 
42842  130 
42843  130 
4289   130 
4290   130 
4291   130 
4295   131 
4296   131 
430    145 
431    145 
4320   145 
4321   145 
4329   145 
43301  146 
43311  146 
43321  146 
43331  146 
43381  146 
43391  146 
43401  146 
43411  146 
43491  146 
4373   149 
43820  150 
43821  150 
43822  150 
43830  151 
43831  151 
43832  151 
43840  151 
43841  151 
43842  151 
43850  151 
43851  151 
43852  151 
43853  151 
44023  153 
44024  153 
44100  154 
44101  154 
44102  154 
44103  154 
4411   154 
4413   154 
4415   154 
4416   154 
44321  154 
44322  154 
44323  154 
44324  154 
44329  154 
4440   154 
44401  154 
44409  154 
4441   154 
44421  154 
44422  154 
44481  154 
44489  154 
4449   154 
44501  154 
44502  154 
44581  154 
44589  154 
4460   56  
4461   56  
44620  56  
44621  56  
44629  56  
4463   56  
4464   56  
4465   57  
4466   56  
4467   56  
449    154 
45111  156 
45119  156 
45181  156 
45183  156 
4530   156 
4532   156 
4533   156 
45340  156 
45341  156 
45342  156 
45350  156 
45351  156 
45352  156 
45372  156 
45374  156 
45375  156 
45376  156 
45377  156 
45382  156 
45384  156 
45385  156 
45386  156 
45387  156 
4540   217 
4542   217 
4560   35  
4561   35  
45620  35  
45621  35  
45911  217 
45913  217 
45931  217 
45933  217 
4820   163 
4821   163 
48240  163 
48241  163 
48242  163 
48249  163 
48281  163 
48282  163 
48283  163 
48284  163 
48289  163 
4841   6   
4846   6   
4847   163 
4910   161 
4911   161 
49120  161 
49121  161 
49122  161 
4918   161 
4919   161 
4920   160 
4928   160 
49300  161 
49301  161 
49302  161 
49310  161 
49311  161 
49312  161 
49320  161 
49321  161 
49322  161 
49381  161 
49382  161 
49390  161 
49391  161 
49392  161 
4940   160 
4941   160 
4950   162 
4951   162 
4952   162 
4953   162 
4954   162 
4955   162 
4956   162 
4957   162 
4958   162 
4959   162 
496    160 
500    162 
501    162 
502    162 
503    162 
504    162 
505    162 
5060   162 
5061   162 
5062   162 
5063   162 
5064   162 
5069   162 
5070   163 
5071   163 
5078   163 
5080   162 
5081   162 
5100   163 
5109   163 
5130   163 
5131   163 
514    127 
515    162 
5160   162 
5161   162 
5162   162 
5163   162 
51630  162 
51631  162 
51632  162 
51633  162 
51634  162 
51635  162 
51636  162 
51637  162 
5164   162 
5165   162 
51661  162 
51662  162 
51663  162 
51664  162 
51669  162 
5168   162 
5169   162 
5171   162 
5172   162 
5178   162 
5181   160 
5182   160 
5183   162 
5184   127 
5186   162 
51881  127 
51882  127 
51883  127 
51884  127 
51900  125 
51901  125 
51902  125 
51909  125 
53086  253 
53087  253 
53110  42  
53111  42  
53120  42  
53121  42  
53150  42  
53151  42  
53160  42  
53161  42  
53210  42  
53211  42  
53220  42  
53221  42  
53250  42  
53251  42  
53260  42  
53261  42  
53310  42  
53311  42  
53320  42  
53321  42  
53350  42  
53351  42  
53360  42  
53361  42  
53410  42  
53411  42  
53420  42  
53421  42  
53450  42  
53451  42  
53460  42  
53461  42  
53640  253 
53641  253 
53642  253 
53649  253 
5370   45  
5373   45  
53781  45  
5550   48  
5551   48  
5552   48  
5559   48  
5560   48  
5561   48  
5562   48  
5563   48  
5564   48  
5565   48  
5566   48  
5568   48  
5569   48  
5570   42  
5571   42  
5579   42  
5600   45  
5601   45  
5602   45  
56030  45  
56031  45  
56032  45  
56039  45  
56081  45  
56089  45  
5609   45  
5670   42  
5671   42  
56721  42  
56722  42  
56723  42  
56729  42  
56731  42  
56738  42  
56739  42  
56781  42  
56782  42  
56789  42  
5679   42  
56960  253 
56961  253 
56962  253 
56969  253 
56971  253 
56979  253 
56983  42  
570    38  
5711   38  
5712   36  
5713   36  
57140  37  
57141  37  
57142  37  
57149  37  
5715   36  
5716   36  
5720   38  
5721   38  
5722   35  
5723   35  
5724   35  
5728   35  
5734   38  
5735   35  
5770   47  
5771   46  
5772   47  
5778   47  
5779   47  
5790   47  
5791   47  
5792   47  
5793   47  
5794   47  
5798   47  
5799   47  
5854   188 
5855   187 
5856   184 
5881   30  
58881  30  
59381  154 
630    203 
631    205 
6310   205 
6318   205 
632    205 
63300  203 
63301  203 
63310  203 
63311  203 
63320  203 
63321  203 
63380  203 
63381  203 
63390  203 
63391  203 
63400  204 
63401  204 
63402  204 
63410  204 
63411  204 
63412  204 
63420  204 
63421  204 
63422  204 
63430  207 
63431  207 
63432  207 
63440  205 
63441  205 
63442  205 
63450  207 
63451  207 
63452  207 
63460  207 
63461  207 
63462  207 
63470  204 
63471  204 
63472  204 
63480  205 
63481  205 
63482  205 
63490  205 
63491  205 
63492  205 
6390   203 
6391   203 
6392   203 
6393   207 
6394   203 
6395   207 
6396   207 
6398   203 
6399   203 
64001  209 
64081  209 
64091  209 
64101  208 
64111  208 
64120  208 
64121  208 
64131  207 
64181  208 
64191  208 
64201  208 
64202  208 
64204  208 
64211  208 
64212  208 
64214  208 
64221  208 
64222  208 
64224  208 
64231  208 
64232  208 
64234  208 
64241  208 
64242  208 
64244  208 
64250  207 
64251  207 
64252  207 
64254  207 
64260  207 
64261  207 
64262  207 
64264  207 
64271  208 
64272  208 
64274  208 
64291  208 
64292  208 
64294  208 
64301  209 
64311  209 
64321  209 
64381  209 
64391  209 
64420  208 
64421  208 
64511  209 
64521  209 
64601  209 
64611  209 
64612  209 
64614  209 
64621  208 
64622  208 
64624  208 
64631  209 
64641  209 
64642  209 
64644  209 
64651  209 
64652  209 
64654  209 
64661  209 
64662  209 
64664  209 
64671  208 
64681  209 
64682  209 
64684  209 
64691  209 
64701  209 
64702  209 
64704  209 
64711  209 
64712  209 
64714  209 
64721  209 
64722  209 
64724  209 
64731  208 
64732  208 
64734  208 
64741  208 
64742  208 
64744  208 
64751  209 
64752  209 
64754  209 
64761  209 
64762  209 
64764  209 
64781  209 
64782  209 
64784  209 
64791  209 
64792  209 
64794  209 
64801  208 
64802  208 
64804  208 
64811  209 
64812  209 
64814  209 
64821  209 
64822  209 
64824  209 
64831  208 
64832  208 
64834  208 
64841  208 
64842  208 
64844  208 
64851  208 
64852  208 
64854  208 
64861  209 
64862  209 
64864  209 
64871  209 
64872  209 
64874  209 
64881  209 
64882  209 
64884  209 
64891  209 
64892  209 
64894  209 
64901  209 
64902  209 
64904  209 
64911  209 
64912  209 
64914  209 
64921  209 
64922  209 
64924  209 
64931  208 
64932  208 
64934  208 
64941  208 
64942  208 
64944  208 
64951  209 
64961  209 
64962  209 
64964  209 
64971  207 
64981  209 
64982  209 
650    209 
65101  208 
65111  207 
65121  207 
65131  208 
65141  207 
65151  207 
65161  207 
65171  207 
65181  207 
65191  208 
65201  208 
65211  208 
65221  208 
65231  208 
65241  208 
65251  208 
65261  208 
65271  208 
65281  208 
65291  208 
65300  208 
65301  208 
65310  208 
65311  208 
65320  208 
65321  208 
65330  208 
65331  208 
65340  208 
65341  208 
65350  208 
65351  208 
65360  208 
65361  208 
65370  208 
65371  208 
65380  208 
65381  208 
65390  208 
65391  208 
65400  208 
65401  208 
65402  208 
65404  208 
65410  208 
65411  208 
65412  208 
65414  208 
65420  208 
65421  208 
65430  208 
65431  208 
65432  208 
65434  208 
65440  208 
65441  208 
65442  208 
65444  208 
65451  207 
65452  207 
65454  207 
65460  208 
65461  208 
65462  208 
65464  208 
65470  208 
65471  208 
65472  208 
65474  208 
65480  208 
65481  208 
65482  208 
65484  208 
65490  208 
65491  208 
65492  208 
65494  208 
65501  209 
65511  209 
65521  209 
65531  209 
65541  209 
65551  209 
65561  209 
65571  209 
65581  209 
65591  209 
65601  208 
65611  209 
65621  209 
65631  209 
65641  209 
65651  209 
65661  209 
65671  208 
65681  209 
65691  209 
65701  208 
65801  208 
65810  208 
65811  208 
65820  208 
65821  208 
65830  208 
65831  208 
65840  208 
65841  208 
65880  208 
65881  208 
65890  208 
65891  208 
65900  209 
65901  209 
65910  209 
65911  209 
65920  209 
65921  209 
65930  207 
65931  207 
65940  209 
65941  209 
65950  209 
65951  209 
65960  209 
65961  209 
65970  209 
65971  209 
65980  209 
65981  209 
65990  209 
65991  209 
66000  208 
66001  208 
66010  208 
66011  208 
66020  208 
66021  208 
66030  208 
66031  208 
66040  208 
66041  208 
66050  208 
66051  208 
66060  208 
66061  208 
66070  208 
66071  208 
66080  208 
66081  208 
66090  208 
66091  208 
66101  209 
66111  209 
66121  209 
66131  209 
66141  209 
66191  209 
66200  209 
66201  209 
66210  209 
66211  209 
66220  209 
66221  209 
66230  209 
66231  209 
66233  208 
66300  209 
66301  209 
66310  209 
66311  209 
66320  209 
66321  209 
66330  209 
66331  209 
66340  209 
66341  209 
66350  207 
66351  207 
66360  209 
66361  209 
66380  209 
66381  209 
66390  209 
66391  209 
66400  209 
66401  209 
66404  209 
66410  209 
66411  209 
66414  209 
66420  209 
66421  209 
66424  209 
66430  209 
66431  209 
66434  209 
66440  209 
66441  209 
66444  209 
66450  209 
66451  209 
66454  209 
66460  209 
66461  209 
66464  209 
66480  209 
66481  209 
66484  209 
66490  209 
66491  209 
66494  209 
66500  207 
66501  207 
66510  207 
66511  207 
66520  209 
66522  209 
66524  209 
66530  209 
66531  209 
66534  209 
66540  209 
66541  209 
66544  209 
66550  209 
66551  209 
66554  209 
66560  209 
66561  209 
66564  209 
66570  209 
66571  209 
66572  209 
66574  209 
66580  209 
66581  209 
66582  209 
66584  209 
66590  209 
66591  209 
66592  209 
66594  209 
66600  208 
66602  208 
66604  208 
66610  208 
66612  208 
66614  208 
66620  208 
66622  208 
66624  208 
66630  208 
66632  208 
66634  208 
66700  209 
66702  209 
66704  209 
66710  209 
66712  209 
66714  209 
66800  207 
66801  207 
66802  207 
66804  207 
66810  207 
66811  207 
66812  207 
66814  207 
66820  207 
66821  207 
66822  207 
66824  207 
66880  209 
66881  209 
66882  209 
66884  209 
66890  209 
66891  209 
66892  209 
66894  209 
66900  209 
66901  209 
66902  209 
66904  209 
66910  207 
66911  207 
66912  207 
66914  207 
66920  209 
66921  207 
66922  207 
66924  209 
66930  207 
66932  207 
66934  207 
66940  207 
66941  207 
66942  207 
66944  207 
66950  209 
66951  209 
66960  209 
66961  209 
66970  209 
66971  209 
66980  209 
66981  209 
66982  209 
66984  209 
66990  209 
66991  209 
66992  209 
66994  209 
67000  207 
67002  207 
67004  207 
67010  207 
67012  207 
67014  207 
67020  207 
67022  207 
67024  207 
67030  207 
67032  207 
67034  207 
67080  207 
67082  207 
67084  207 
67101  209 
67102  209 
67104  209 
67111  209 
67112  209 
67114  209 
67121  209 
67122  209 
67124  209 
67131  207 
67140  207 
67142  207 
67144  207 
67151  207 
67152  207 
67154  207 
67181  209 
67182  209 
67184  209 
67191  209 
67192  209 
67194  209 
67202  209 
67204  209 
67301  207 
67302  207 
67304  207 
67311  207 
67312  207 
67314  207 
67321  207 
67322  207 
67324  207 
67331  207 
67332  207 
67334  207 
67381  207 
67382  207 
67384  207 
67400  207 
67401  207 
67402  207 
67404  207 
67410  209 
67412  209 
67414  209 
67420  209 
67422  209 
67424  209 
67430  209 
67432  209 
67434  209 
67440  209 
67442  209 
67444  209 
67450  207 
67451  207 
67452  207 
67454  207 
67480  209 
67482  209 
67484  209 
67490  209 
67492  209 
67494  209 
67501  209 
67502  209 
67504  209 
67511  209 
67512  209 
67514  209 
67521  209 
67522  209 
67524  209 
67581  209 
67582  209 
67584  209 
67591  209 
67592  209 
67594  209 
67601  209 
67602  209 
67604  209 
67611  209 
67612  209 
67614  209 
67621  209 
67622  209 
67624  209 
67631  209 
67632  209 
67634  209 
67641  209 
67642  209 
67644  209 
67651  209 
67652  209 
67654  209 
67661  209 
67662  209 
67664  209 
67681  209 
67682  209 
67684  209 
67691  209 
67692  209 
67694  209 
67801  207 
67811  207 
67901  208 
67902  208 
67904  208 
67911  208 
67912  208 
67914  208 
68601  217 
6960   56  
70710  217 
70711  217 
70712  217 
70713  217 
70714  217 
70715  217 
70719  217 
7078   217 
7079   217 
7100   57  
7101   56  
7102   57  
7103   56  
7104   56  
7105   57  
7108   57  
7109   57  
71100  55  
71101  55  
71102  55  
71103  55  
71104  55  
71105  55  
71106  55  
71107  55  
71108  55  
71109  55  
71110  57  
71111  57  
71112  57  
71113  57  
71114  57  
71115  57  
71116  57  
71117  57  
71118  57  
71119  57  
71120  56  
71121  56  
71122  56  
71123  56  
71124  56  
71125  56  
71126  56  
71127  56  
71128  56  
71129  56  
71130  55  
71131  55  
71132  55  
71133  55  
71134  55  
71135  55  
71136  55  
71137  55  
71138  55  
71139  55  
71140  55  
71141  55  
71142  55  
71143  55  
71144  55  
71145  55  
71146  55  
71147  55  
71148  55  
71149  55  
71150  55  
71151  55  
71152  55  
71153  55  
71154  55  
71155  55  
71156  55  
71157  55  
71158  55  
71159  55  
71160  55  
71161  55  
71162  55  
71163  55  
71164  55  
71165  55  
71166  55  
71167  55  
71168  55  
71169  55  
71170  55  
71171  55  
71172  55  
71173  55  
71174  55  
71175  55  
71176  55  
71177  55  
71178  55  
71179  55  
71180  55  
71181  55  
71182  55  
71183  55  
71184  55  
71185  55  
71186  55  
71187  55  
71188  55  
71189  55  
71190  55  
71191  55  
71192  55  
71193  55  
71194  55  
71195  55  
71196  55  
71197  55  
71198  55  
71199  55  
7140   56  
7141   56  
7142   56  
71430  56  
71431  56  
71432  56  
71433  56  
7144   57  
71481  56  
71489  57  
7149   57  
71875  62  
7200   56  
725    57  
72886  54  
73000  55  
73001  55  
73002  55  
73003  55  
73004  55  
73005  55  
73006  55  
73007  55  
73008  55  
73009  55  
73010  55  
73011  55  
73012  55  
73013  55  
73014  55  
73015  55  
73016  55  
73017  55  
73018  55  
73019  55  
73020  55  
73021  55  
73022  55  
73023  55  
73024  55  
73025  55  
73026  55  
73027  55  
73028  55  
73029  55  
73030  55  
73031  55  
73032  55  
73033  55  
73034  55  
73035  55  
73036  55  
73037  55  
73038  55  
73039  55  
73070  55  
73071  55  
73072  55  
73073  55  
73074  55  
73075  55  
73076  55  
73077  55  
73078  55  
73079  55  
73080  55  
73081  55  
73082  55  
73083  55  
73084  55  
73085  55  
73086  55  
73087  55  
73088  55  
73089  55  
73090  55  
73091  55  
73092  55  
73093  55  
73094  55  
73095  55  
73096  55  
73097  55  
73098  55  
73099  55  
7320   62  
7321   62  
7322   62  
73310  227 
73311  226 
73312  227 
73313  226 
73314  226 
73315  226 
73316  227 
73319  227 
73340  55  
73341  55  
73342  55  
73343  55  
73344  55  
73345  55  
73349  55  
7400   114 
7401   114 
7402   114 
74100  114 
74101  114 
74102  114 
74103  114 
74190  114 
74191  114 
74192  114 
74193  114 
7420   114 
7421   114 
7422   114 
7423   121 
7424   114 
74251  114 
74253  114 
74259  114 
7428   114 
7429   114 
7450   138 
74510  138 
74511  138 
74512  138 
74519  138 
7452   138 
7453   137 
7454   139 
7455   139 
74560  138 
74561  138 
74569  138 
7457   137 
7458   139 
7459   139 
74600  139 
74601  138 
74602  139 
74609  139 
7461   137 
7462   138 
7463   138 
7464   138 
7465   138 
7466   138 
7467   137 
74681  138 
74682  138 
74683  138 
74684  138 
74685  138 
74686  138 
74687  138 
74689  138 
7469   139 
7470   139 
74710  138 
74711  138 
74720  138 
74721  138 
74722  138 
74729  138 
7473   138 
74731  138 
74732  138 
74739  138 
74740  138 
74741  138 
74742  138 
74749  138 
7475   139 
74760  139 
74761  139 
74762  139 
74763  139 
74764  139 
74769  139 
74781  149 
74782  139 
74783  138 
74789  139 
7479   139 
74900  63  
74901  63  
74902  63  
74903  63  
74904  63  
74910  63  
74911  63  
74912  63  
74913  63  
74914  63  
74920  63  
74921  63  
74922  63  
74923  63  
74924  63  
74925  63  
7503   64  
7505   45  
7511   45  
7512   45  
7513   45  
7514   45  
75314  188 
7535   64  
75430  62  
75431  62  
75432  62  
75433  62  
75435  62  
75561  62  
75562  62  
75563  62  
7564   62  
75650  61  
75651  61  
75652  61  
75654  61  
75655  61  
75656  61  
75659  61  
7566   64  
75671  64  
75672  64  
75673  64  
75683  62  
7580   97  
7581   96  
7582   96  
75831  96  
75832  96  
75833  96  
75839  96  
7585   96  
7586   97  
7587   97  
75881  97  
75889  97  
7589   97  
7593   139 
7594   247 
7595   12  
7596   12  
75981  96  
75982  62  
75983  97  
75989  97  
76070  81  
76072  81  
76073  81  
76074  81  
76075  81  
76076  81  
76077  81  
76078  81  
76079  81  
76400  248 
76401  242 
76402  243 
76403  244 
76404  245 
76405  245 
76406  246 
76407  246 
76408  247 
76409  248 
76410  248 
76411  242 
76412  243 
76413  244 
76414  245 
76415  245 
76416  246 
76417  246 
76418  247 
76419  248 
76420  248 
76421  242 
76422  243 
76423  244 
76424  245 
76425  245 
76426  246 
76427  246 
76428  247 
76429  248 
76490  248 
76491  242 
76492  243 
76493  244 
76494  245 
76495  245 
76496  246 
76497  246 
76498  247 
76499  248 
76500  248 
76501  242 
76502  243 
76503  244 
76504  245 
76505  245 
76506  246 
76507  246 
76508  247 
76509  248 
76510  248 
76511  242 
76512  243 
76513  244 
76514  245 
76515  245 
76516  246 
76517  246 
76518  247 
76519  248 
76520  249 
76521  243 
76522  243 
76523  244 
76524  245 
76525  246 
76526  246 
76527  247 
76528  248 
76529  249 
7660   249 
7661   249 
76621  249 
76622  249 
7670   145 
7674   110 
7685   122 
76873  122 
769    127 
7700   163 
77012  163 
77014  163 
77016  163 
77018  163 
7703   127 
7704   127 
7705   127 
7707   127 
77084  127 
77086  163 
77087  126 
7711   6   
77181  2   
77210  145 
77211  145 
77212  145 
77213  145 
77214  145 
7722   145 
7730   69  
7731   69  
7732   69  
7734   113 
7735   69  
7744   38  
7747   113 
7760   75  
7761   75  
7762   75  
7763   75  
7767   75  
77750  42  
77751  42  
77752  42  
77753  42  
7776   42  
7790   120 
7792   122 
7794   81  
7795   81  
7797   122 
77985  127 
78001  122 
78003  122 
78031  120 
78032  120 
78033  120 
78039  120 
78072  107 
7854   153 
78550  127 
78551  127 
78552  2   
78559  2   
7980   127 
7981   127 
7982   127 
7989   127 
7991   126 
7994   23  
80600  110 
80601  106 
80602  110 
80603  110 
80604  110 
80605  110 
80606  106 
80607  110 
80608  110 
80609  110 
80610  110 
80611  106 
80612  110 
80613  110 
80614  110 
80615  110 
80616  106 
80617  110 
80618  110 
80619  110 
80620  110 
80621  108 
80622  110 
80623  110 
80624  110 
80625  110 
80626  108 
80627  110 
80628  110 
80629  110 
80630  110 
80631  108 
80632  110 
80633  110 
80634  110 
80635  110 
80636  108 
80637  110 
80638  110 
80639  110 
8064   110 
8065   110 
80660  110 
80661  110 
80662  110 
80669  110 
80670  110 
80671  110 
80672  110 
80679  110 
8068   110 
8069   110 
82000  226 
82001  226 
82002  226 
82003  226 
82009  226 
82010  226 
82011  226 
82012  226 
82013  226 
82019  226 
82020  226 
82021  226 
82022  226 
82030  226 
82031  226 
82032  226 
8208   226 
8209   226 
9059   254 
9072   110 
95200  110 
95201  106 
95202  110 
95203  110 
95204  110 
95205  110 
95206  106 
95207  110 
95208  110 
95209  110 
95210  110 
95211  108 
95212  110 
95213  110 
95214  110 
95215  110 
95216  108 
95217  110 
95218  110 
95219  110 
9522   110 
9523   110 
9524   110 
9528   110 
9529   110 
9580   154 
9581   154 
9584   127 
99590  2   
99591  2   
99592  2   
99593  2   
99594  2   
99681  183 
99682  34  
99683  129 
99684  158 
99685  251 
99686  18  
99687  41  
99688  251 
99760  254 
99761  254 
99762  254 
99769  254 
E9500  88  
E9501  88  
E9502  88  
E9503  88  
E9504  88  
E9505  88  
E9506  88  
E9507  88  
E9508  88  
E9509  88  
E9510  88  
E9511  88  
E9518  88  
E9520  88  
E9521  88  
E9528  88  
E9529  88  
E9530  88  
E9531  88  
E9538  88  
E9539  88  
E954   88  
E9550  88  
E9551  88  
E9552  88  
E9553  88  
E9554  88  
E9555  88  
E9556  88  
E9557  88  
E9559  88  
E956   88  
E9570  88  
E9571  88  
E9572  88  
E9579  88  
E9580  88  
E9581  88  
E9582  88  
E9583  88  
E9584  88  
E9585  88  
E9586  88  
E9587  88  
E9588  88  
E9589  88  
E959   88  
V08    1   
V2130  248 
V2131  242 
V2132  244 
V2133  245 
V2134  246 
V2135  247 
V240   209 
V241   209 
V242   209 
V270   209 
V271   209 
V272   208 
V273   208 
V274   208 
V275   207 
V276   207 
V277   207 
V279   209 
V3000  249 
V3001  249 
V301   249 
V302   249 
V3100  248 
V3101  248 
V311   248 
V312   248 
V3200  248 
V3201  248 
V321   248 
V322   248 
V3300  248 
V3301  248 
V331   248 
V332   248 
V3400  247 
V3401  247 
V341   247 
V342   247 
V3500  247 
V3501  247 
V351   247 
V352   247 
V3600  247 
V3601  247 
V361   247 
V362   247 
V3700  247 
V3701  247 
V371   247 
V372   247 
V3900  249 
V3901  249 
V391   249 
V392   249 
V420   183 
V421   129 
V426   158 
V427   34  
V4281  251 
V4282  251 
V4283  18  
V4284  41  
V4321  128 
V4322  128 
V440   125 
V441   253 
V442   253 
V443   253 
V444   253 
V4450  253 
V4451  253 
V4452  253 
V4459  253 
V446   253 
V448   253 
V449   253 
V4611  125 
V4612  125 
V4613  125 
V4614  125 
V4970  254 
V4971  254 
V4972  254 
V4973  254 
V4974  254 
V4975  254 
V4976  254 
V4977  254 
V521   254 
V550   125 
V551   253 
V552   253 
V553   253 
V554   253 
V555   253 
V556   253 
V558   253 
V559   253 
V5867  21  
